200
484 462
239 474
200 66
256 306
326 242
93 303
297 202
92 315
478 147
462 32
309 296
173 125
317 17
336 121
283 164
12 267
478 251
241 178
317 350
336 143
92 430
447 241
484 39
56 463
39 19
495 200
167 169
325 485
186 14
458 322
30 471
441 9
74 35
187 392
385 376
387 329
306 186
70 290
78 478
253 117
349 101
169 17
122 494
354 160
360 312
482 391
135 424
400 210
459 439
454 344
315 341
173 473
380 95
116 458
73 369
427 275
322 96
292 444
442 146
105 303
310 87
46 446
363 446
156 322
237 110
18 405
303 43
230 183
138 346
493 64
68 272
339 390
368 131
187 163
129 292
318 439
231 364
385 95
162 393
269 399
3 140
156 159
183 387
194 174
85 40
238 153
312 429
396 33
60 83
196 41
227 14
480 458
378 366
405 392
259 175
143 115
315 300
126 350
39 320
24 476
360 114
130 173
43 378
206 455
461 254
496 188
120 329
498 350
195 404
242 306
431 385
273 98
37 399
448 428
72 325
405 432
439 387
457 335
265 15
142 226
121 139
266 241
468 264
443 15
20 185
173 451
423 299
49 460
50 350
241 122
175 146
407 466
33 364
301 150
232 444
376 353
435 494
447 255
110 390
122 131
428 147
82 351
446 484
163 497
334 404
471 9
402 378
327 287
95 481
437 327
425 165
180 212
159 127
319 122
370 441
253 298
88 187
1 35
171 164
384 5
421 355
366 175
234 194
463 329
175 400
156 452
66 188
16 77
168 335
199 38
276 304
188 216
492 189
251 15
353 487
21 126
343 239
302 429
285 265
258 312
17 266
116 435
306 132
365 474
467 416
364 95
221 52
312 65
241 415
80 447
403 101
425 98
193 227
27 478
344 137
291 214
403 407
149 61
392 14
36 211
431 252
307 4
157 471
69 398
238 149
197 141
103 123
91 296
202 118
126 47
255 269
113 10
29 262
72 421
129 460
484 60
64 143
416 221
114 485
472 205
134 21
198 89
144 290
385 199
408 364
98 16
133 211
26 14
473 450
287 454
262 272
14 327
267 282
400 382
267 372
439 254
394 137
343 390
427 229
89 336
445 187
204 430
250 82
445 224
33 84
178 147
356 45
326 124
327 227
358 447
99 297
201 345
434 44
236 214
125 325
402 70
365 106
1 115
188 298
191 73
382 222
221 91
119 47
67 298
274 277
245 226
426 446
71 212
491 159
426 468
337 328
39 202
434 392
169 475
190 213
48 424
435 269
15 54
169 434
204 295
211 450
373 489
248 445
202 91
104 480
60 441
161 99
495 95
491 17
70 33
230 471
457 165
92 325
71 261
259 127
409 323
77 282
312 326
79 366
417 184
199 329
477 360
428 325
307 271
342 378
304 72
201 114
89 293
439 12
407 50
139 316
373 69
450 38
247 30
256 16
66 455
346 43
167 274
220 475
398 62
205 54
486 406
168 427
199 107
291 458
10 283
126 235
352 77
125 451
107 234
467 173
189 313
68 209
440 289
184 338
203 389
392 42
295 413
321 346
372 113
157 382
248 283
118 100
360 243
403 467
477 370
492 19
184 61
228 476
202 264
166 405
153 410
299 300
323 121
498 196
234 155
78 482
439 48
434 299
144 189
119 473
59 111
344 95
24 424
71 226
188 89
484 341
0 283
493 323
404 492
19 490
147 450
324 438
498 110
238 142
299 209
468 359
172 312
306 49
237 378
275 425
319 259
119 319
43 112
143 299
104 14
290 104
464 466
42 463
77 132
457 376
341 425
87 366
238 394
415 327
124 42
252 443
154 371
263 49
336 258
348 292
272 490
396 237
457 439
52 34
71 361
262 265
287 350
483 377
96 250
204 220
292 308
15 446
180 278
495 368
36 196
160 161
186 57
398 495
348 302
29 271
163 144
388 450
494 371
179 442
473 383
162 266
44 177
64 76
308 412
444 196
108 104
357 146
13 107
142 213
409 23
485 73
167 225
375 13
449 407
455 422
142 469
188 186
499 105
262 307
17 206
355 477
163 65
123 28
172 117
94 434
493 431
359 12
156 234
26 105
493 333
28 136
303 68
322 302
173 85
461 190
143 316
19 158
381 495
39 406
112 133
340 105
64 199
470 220
285 496
178 279
181 206
267 484
274 89
138 300
26 451
342 22
120 362
180 353
357 219
259 321
204 451
279 268
2 249
341 140
97 19
271 278
77 38
115 203
479 253
3 6
57 346
28 177
60 60
30 417
132 142
90 336
93 369
457 96
118 150
88 215
21 359
494 98
397 109
153 376
214 157
234 123
355 114
152 415
27 183
184 159
177 274
347 270
144 156
218 114
306 306
182 179
17 28
129 414
489 283
143 55
292 229
179 499
344 331
266 371
366 450
382 43
76 81
314 72
90 384
39 248
43 221
428 60
249 57
327 238
192 470
293 484
51 324
335 395
156 101
118 22
403 352
66 480
286 232
404 376
468 443
124 11
16 404
424 265
314 251
355 6
73 1
343 124
325 178
372 481
280 342
356 35
47 274
367 333
358 272
61 326
67 185
190 84
442 114
201 256
217 409
262 142
410 457
266 235
136 490
69 268
333 277
303 380
51 171
65 409
295 126
87 362
163 129
298 105
243 352
213 312
261 328
454 171
285 73
258 421
415 179
41 100
456 345
332 7
16 397
268 311
23 356
25 39
485 324
144 81
176 210
245 289
38 52
312 323
477 70
97 392
102 138
493 58
335 325
66 203
75 186
14 450
394 392
489 380
68 486
313 244
196 410
385 86
462 197
261 439
119 358
184 221
349 177
280 36
354 198
240 281
384 106
232 279
498 73
11 66
59 176
162 107
86 47
193 401
96 307
192 216
165 376
289 366
53 69
403 260
119 143
41 4
249 273
135 100
347 498
166 258
26 181
218 464
80 263
217 177
70 410
245 88
286 34
454 340
104 209
452 75
204 493
431 306
119 66
406 318
416 424
428 294
105 146
259 186
262 476
363 332
386 108
420 25
494 227
217 98
288 169
26 493
14 457
299 133
376 57
303 292
481 232
439 87
230 198
125 492
26 340
325 265
300 97
290 294
176 7
245 465
28 271
458 42
228 109
28 104
166 331
249 147
63 188
86 146
238 211
138 116
403 315
381 203
265 23
350 441
382 95
406 410
218 364
453 446
325 481
403 491
164 152
139 80
340 77
226 430
141 216
46 44
32 428
100 297
303 450
90 186
397 497
448 115
213 253
413 39
86 316
30 251
320 21
331 12
451 409
442 92
125 489
488 9
269 88
306 424
390 249
110 287
246 411
254 459
164 168
350 251
336 233
2 157
254 185
169 205
94 464
149 71
453 138
81 74
78 239
498 469
488 461
108 234
372 215
46 36
235 396
139 71
481 141
80 236
178 250
293 124
214 295
196 19
433 277
93 363
16 91
184 357
404 293
91 276
360 489
313 95
238 304
166 219
446 99
307 476
349 453
101 415
248 297
286 33
426 231
396 294
174 81
151 79
226 243
355 86
84 20
181 322
325 199
42 123
298 349
99 499
302 52
414 402
201 52
435 127
283 332
422 458
265 73
37 491
168 392
77 253
265 258
427 90
457 321
213 256
23 164
255 177
217 22
80 418
74 15
398 358
199 320
168 464
245 205
455 266
449 32
371 214
142 298
304 100
120 369
208 143
34 463
172 103
337 252
373 412
120 271
122 319
443 142
136 41
347 91
307 148
476 178
363 118
476 19
70 448
241 278
443 127
94 116
230 283
220 455
195 340
79 169
12 22
311 148
63 10
91 222
11 419
400 374
390 229
245 312
29 486
443 325
113 37
441 195
320 13
151 368
354 230
389 218
104 53
218 20
415 309
242 426
81 143
300 471
224 398
283 253
384 226
430 350
115 371
45 288
237 48
8 91
278 397
161 383
450 379
403 218
40 497
144 121
492 297
92 216
195 228
322 431
454 252
281 422
476 179
210 213
227 218
156 6
467 169
241 270
48 496
488 88
493 132
210 486
429 154
54 476
382 376
408 189
481 41
111 309
220 173
374 448
243 30
306 210
199 47
480 99
43 468
187 388
453 249
226 234
404 281
63 286
9 471
327 342
364 438
151 85
111 25
385 354
407 191
417 458
90 397
57 133
218 97
373 171
346 100
257 102
233 320
389 242
143 68
85 8
7 236
445 470
114 330
177 21
373 94
480 463
343 389
448 413
486 321
436 185
273 194
287 6
14 28
249 10
97 186
18 456
274 315
426 388
145 455
410 18
401 242
481 97
131 429
10 470
102 447
7 376
141 294
234 7
175 335
17 272
21 387
228 296
202 6
36 199
314 298
69 215
40 402
312 24
183 175
346 286
122 353
14 263
499 248
122 174
436 492
446 457
379 26
105 434
385 142
485 51
440 55
118 333
309 431
209 493
106 55
131 80
408 497
195 407
97 317
434 33
161 232
343 393
111 448
327 496
442 164
399 383
219 17
68 29
448 277
374 406
332 357
338 92
354 33
351 451
203 285
337 364
18 180
257 129
128 436
477 71
101 376
306 320
393 374
201 194
151 427
452 335
284 291
427 490
176 130
294 379
416 131
244 286
311 1
415 291
438 244
214 39
472 372
211 365
246 265
411 249
436 329
7 363
319 183
346 113
415 262
96 159
48 259
12 315
403 302
411 117
341 383
490 405
100 88
170 12
190 214
228 126
395 87
342 215
122 188
180 37
302 277
196 202
388 61
369 291
363 280
261 57
163 103
462 263
43 484
275 233
50 355
212 446
442 406
13 65
94 45
454 248
174 151
450 63
64 319
354 427
99 467
336 114
70 150
377 114
134 5
199 37
360 411
335 155
317 348
72 263
393 26
11 68
29 461
483 93
132 337
373 231
157 209
345 227
360 75
341 346
432 393
383 144
304 218
299 474
418 223
237 164
250 101
62 215
225 47
404 98
278 61
159 476
141 19
403 334
366 335
227 101
479 32
172 131
358 90
354 95
254 104
196 338
236 111
405 313
158 310
411 288
223 422
116 364
442 371
199 160
206 426
261 38
310 285
169 168
376 375
116 482
480 164
321 68
127 226
381 137
388 144
278 112
66 394
328 360
266 27
20 324
306 134
362 468
419 383
489 147
259 457
130 91
121 303
11 101
381 244
238 122
240 368
234 306
115 414
19 381
294 39
57 100
25 272
68 445
7 409
92 266
366 74
209 340
229 72
441 111
316 31
233 56
400 319
215 15
233 86
248 379
125 157
479 3
429 400
300 437
161 244
55 28
319 117
368 48
189 309
11 6
192 96
414 444
415 481
459 1
67 59
232 45
217 212
48 146
464 348
435 477
92 491
5 263
108 373
164 149
34 175
155 79
272 422
23 39
403 335
392 471
394 125
16 463
189 416
462 5
264 397
482 208
240 340
472 200
213 136
350 100
163 357
179 287
279 54
179 183
389 71
6 284
48 22
247 89
438 209
446 54
459 281
262 199
121 234
400 186
370 102
286 386
459 317
173 239
372 352
274 261
424 280
397 324
302 497
266 92
206 212
146 17
493 260
69 114
495 469
301 217
423 439
103 382
257 277
121 481
129 395
242 405
27 492
82 181
489 348
273 47
60 271
65 54
32 134
20 379
455 321
448 378
113 52
112 222
181 234
203 162
481 297
420 9
289 2
42 278
202 316
178 262
439 243
168 323
229 189
54 36
362 3
414 327
407 26
49 440
112 252
102 446
402 22
307 191
376 349
322 78
17 352
193 309
447 213
132 176
402 187
212 117
42 478
296 449
356 346
241 321
450 343
267 204
218 426
396 446
127 70
25 145
422 70
454 369
283 438
397 38
125 461
7 19
439 303
320 147
1 61
468 304
257 87
8 475
365 256
421 493
326 298
138 100
220 444
321 4
382 70
394 360
31 401
379 322
56 52
470 58
113 290
362 370
230 370
197 95
127 471
88 305
121 78
258 342
22 79
198 405
2 92
117 33
493 496
356 49
400 178
459 14
468 173
236 198
44 434
146 23
405 86
180 378
165 290
220 39
222 418
296 224
10 413
257 355
262 113
257 162
291 216
28 112
390 265
310 286
51 308
161 308
395 193
186 412
484 259
451 206
177 100
430 40
13 187
395 127
153 152
142 444
221 22
139 219
101 190
379 262
350 274
455 389
186 291
148 490
497 325
90 427
217 455
467 113
435 120
117 429
416 190
451 325
153 91
44 254
133 423
368 484
50 176
373 88
467 373
78 317
50 20
244 268
328 63
233 263
183 202
192 100
393 143
425 46
86 321
153 220
96 373
56 146
49 281
87 369
154 165
186 204
38 282
324 366
346 57
481 29
260 173
481 5
168 406
403 255
79 56
327 176
282 383
174 331
164 113
52 318
131 238
374 169
373 199
387 219
108 368
100 368
393 434
373 61
192 129
168 272
185 495
300 467
378 326
151 42
212 71
146 87
92 19
138 479
90 246
347 42
467 240
476 192
153 169
321 322
293 7
317 93
326 48
419 329
90 211
385 303
134 31
242 226
402 380
205 492
126 404
386 93
144 363
286 298
32 459
472 325
318 141
270 145
189 41
326 132
253 63
287 239
446 381
466 200
261 171
192 239
76 431
333 72
294 471
222 178
430 194
355 101
188 125
98 229
18 424
361 271
340 0
11 286
381 329
487 142
352 31
234 280
462 67
353 108
390 427
286 172
474 493
273 162
118 371
391 137
148 105
260 488
105 123
126 339
452 113
333 157
497 67
437 311
486 290
420 228
218 58
401 192
52 26
206 22
250 97
159 398
54 272
238 12
247 364
351 52
330 184
209 179
104 146
490 90
289 262
319 359
321 72
403 373
450 109
247 200
58 407
450 113
31 188
125 278
405 328
330 87
12 39
266 468
38 256
411 327
19 230
186 192
154 89
65 456
50 312
157 108
71 459
221 454
0 198
233 405
26 415
492 391
307 110
359 345
366 270
24 237
352 62
429 358
3 346
315 53
11 324
161 434
283 235
389 135
285 474
392 312
389 236
55 196
346 266
393 213
37 417
302 241
479 232
452 482
430 267
387 441
443 401
376 78
488 117
214 273
91 106
437 332
343 492
29 189
259 274
254 148
192 409
241 23
493 193
358 423
312 97
365 107
498 93
186 486
62 252
112 153
358 49
485 53
394 366
95 153
493 349
153 185
110 394
60 103
440 270
27 104
368 244
212 366
189 398
205 251
2 317
256 360
366 241
266 260
460 361
265 453
62 418
490 173
165 402
276 457
173 303
61 41
399 273
259 88
23 464
339 25
281 95
238 0
189 4
112 1
365 378
306 427
148 296
452 165
50 229
122 223
384 36
116 284
309 228
372 185
192 64
62 326
11 300
178 52
156 290
53 373
20 359
7 105
186 58
334 309
133 71
197 250
355 358
478 79
43 22
143 458
200 7
258 230
59 267
21 113
140 41
324 293
62 332
251 249
242 437
410 375
8 107
477 215
465 307
295 361
330 290
319 382
297 429
113 357
196 486
322 189
379 498
334 442
182 85
191 424
375 453
300 383
60 277
99 377
437 246
238 119
36 57
1 186
339 466
43 35
452 217
224 184
215 411
126 398
348 169
174 223
122 474
107 34
104 58
263 41
304 2
160 340
411 13
26 250
332 421
138 136
490 214
320 58
125 446
456 474
467 130
197 89
457 156
475 413
214 239
306 370
93 318
63 356
183 441
459 15
215 97
152 205
163 472
263 289
271 71
115 238
54 164
180 11
173 7
276 239
98 82
110 191
252 173
400 435
114 359
451 329
308 455
35 471
279 150
112 50
222 227
141 276
244 173
139 417
180 267
156 279
201 118
322 453
291 222
388 258
81 191
87 241
146 474
213 426
477 325
328 51
405 321
327 149
494 318
418 175
85 426
306 138
45 128
91 188
203 479
446 136
171 386
378 317
360 91
95 189
268 424
240 173
245 419
174 92
237 92
119 174
371 425
312 268
405 255
456 460
235 255
97 258
141 475
427 353
418 23
43 186
299 283
360 396
203 34
488 292
479 107
467 202
384 131
470 142
387 426
102 474
181 199
232 174
26 11
28 296
34 71
483 185
354 195
434 57
81 422
350 412
382 169
114 118
152 84
260 39
363 363
365 396
414 97
71 293
461 99
89 495
170 424
33 376
119 467
286 53
241 136
465 475
157 80
94 309
164 206
201 379
421 418
276 188
16 347
481 329
446 70
324 468
495 209
196 466
176 482
19 270
470 485
245 127
417 191
289 433
250 342
313 23
260 89
211 128
288 192
457 86
115 134
406 462
343 102
280 372
85 300
142 55
137 239
35 54
283 324
487 33
18 152
56 278
241 120
407 381
164 216
467 279
350 373
93 194
476 374
66 61
26 60
468 163
151 3
69 434
179 408
319 49
61 376
328 154
348 87
36 12
303 3
292 154
377 237
200 205
111 118
118 137
30 86
152 181
442 221
116 473
130 435
23 43
163 203
197 11
290 233
24 445
89 168
99 318
405 151
23 369
269 141
358 299
79 11
481 21
84 449
347 66
384 222
109 400
425 159
411 215
392 287
160 333
307 112
151 213
263 174
434 385
167 144
36 247
155 369
120 92
318 467
10 55
189 120
455 466
131 218
181 375
6 194
209 165
158 360
230 421
35 164
158 54
309 195
301 316
64 422
260 383
241 271
290 283
243 245
249 374
315 283
249 173
477 458
339 135
171 69
408 58
86 67
112 395
114 414
63 178
188 324
413 281
95 55
64 338
300 314
64 468
449 165
141 426
124 480
413 147
402 173
205 488
240 317
235 206
83 298
237 271
122 150
58 469
259 358
135 323
178 84
489 320
362 465
152 275
464 54
449 169
394 41
338 129
248 422
428 337
193 402
339 98
472 397
68 231
108 203
407 286
288 248
106 150
65 111
278 29
17 79
198 412
120 36
41 220
458 469
409 4
372 249
454 196
146 22
427 254
78 186
41 218
434 499
220 499
110 350
28 480
429 78
392 402
115 433
474 425
255 384
281 479
133 236
175 279
110 454
386 188
141 427
258 75
278 331
427 241
181 307
221 111
386 113
13 353
398 487
278 5
223 412
484 356
148 11
136 110
466 22
151 459
301 409
386 79
240 313
320 422
121 393
385 359
6 398
212 257
237 342
262 461
254 99
317 254
110 305
365 428
179 16
239 332
425 126
264 18
291 436
292 264
330 177
123 336
75 187
93 164
30 208
477 136
307 147
391 269
304 256
198 484
124 437
168 401
415 432
419 59
369 211
175 199
388 299
387 315
338 333
332 220
41 309
357 348
456 248
117 261
356 167
97 480
457 265
381 224
50 301
283 419
364 459
470 253
110 357
420 448
190 252
169 231
62 378
431 370
126 401
131 334
68 80
314 377
346 47
102 396
348 237
167 65
196 489
170 158
346 90
459 389
195 480
472 257
358 404
127 336
157 111
170 77
191 484
31 409
137 232
146 304
149 343
293 319
353 492
261 312
381 456
292 353
213 2
109 193
338 266
156 8
344 347
344 151
237 228
60 374
312 206
31 461
401 176
280 255
20 41
419 401
498 212
107 63
214 68
108 405
187 264
413 383
112 110
34 201
338 94
427 150
152 310
111 54
487 243
161 359
136 80
113 486
144 220
50 211
140 10
116 327
275 381
210 239
491 244
440 329
190 367
331 343
30 442
249 17
37 262
376 174
342 489
12 339
61 414
50 202
425 18
381 200
251 92
291 243
188 83
424 379
302 256
74 332
50 175
349 440
437 78
466 131
419 478
470 333
393 372
387 318
242 268
370 494
212 13
89 401
96 13
132 398
121 206
231 24
381 432
464 170
10 430
301 282
408 272
115 153
496 354
471 239
122 193
85 335
206 174
88 302
39 220
53 13
426 284
37 159
216 1
329 79
283 130
361 43
254 328
197 251
182 168
342 156
214 427
343 272
453 431
427 492
151 480
5 429
264 394
88 332
247 269
411 30
400 124
74 6
452 271
109 486
291 303
143 357
230 486
130 35
270 409
28 421
389 385
351 5
132 291
337 379
61 101
410 313
225 336
171 178
16 102
436 159
460 19
498 442
54 120
351 434
41 92
172 244
449 304
388 138
183 449
239 445
114 465
281 285
495 240
418 11
343 355
171 155
374 21
449 280
141 300
215 34
244 387
131 193
191 19
331 374
320 71
172 286
388 453
423 383
46 342
394 241
49 417
248 275
290 197
55 431
497 122
318 93
9 449
286 52
468 469
279 140
392 451
426 280
404 349
163 302
43 410
43 92
327 291
219 118
488 127
401 337
249 219
282 111
168 68
163 488
390 442
128 282
393 54
415 150
256 78
452 299
488 348
244 168
139 463
286 480
442 39
169 192
259 304
303 427
224 318
268 114
261 396
249 6
303 164
156 59
242 109
210 83
457 454
103 448
270 389
280 212
280 302
256 39
106 411
319 330
230 87
297 343
335 46
349 138
210 6
49 304
467 260
387 424
214 490
224 336
231 357
49 12
159 305
403 117
69 222
447 299
142 497
290 343
135 0
349 37
157 316
297 44
92 363
387 169
52 470
26 101
334 185
258 238
302 327
460 101
478 122
346 120
471 488
316 458
341 165
495 498
334 144
394 278
360 281
447 412
104 473
365 438
10 123
176 312
303 489
266 281
463 464
254 434
452 70
392 145
87 240
495 273
384 390
404 96
23 351
8 127
177 373
418 187
349 94
352 4
435 118
285 398
82 391
184 386
313 429
32 253
169 27
26 405
269 430
2 293
134 362
272 311
88 190
350 437
137 202
293 72
320 430
323 254
322 7
141 487
436 25
240 457
52 119
363 322
401 365
467 387
79 239
198 167
430 49
104 67
103 249
491 424
180 314
30 2
174 171
341 462
196 82
420 101
53 135
423 306
352 390
194 431
481 392
99 411
293 55
330 397
305 322
173 485
488 203
339 162
375 180
125 423
114 397
24 19
32 299
326 384
41 20
315 23
264 414
286 58
470 117
307 275
291 480
260 279
35 99
442 262
131 419
186 246
316 210
265 348
362 91
84 403
463 399
426 228
314 213
286 136
330 93
263 473
425 23
252 460
474 46
223 457
317 261
55 133
471 321
333 185
264 417
89 80
169 15
308 335
228 94
471 410
39 234
235 316
109 488
128 435
386 351
392 204
112 448
337 436
121 23
121 237
292 62
317 461
78 125
296 158
71 119
421 462
205 156
130 166
496 259
101 383
462 346
87 75
146 276
363 119
151 336
356 444
399 26
257 329
3 406
487 427
25 260
241 83
417 372
249 265
483 203
148 445
49 87
372 47
364 87
166 15
424 374
311 175
252 69
4 108
475 343
35 352
104 128
435 373
352 185
138 335
240 287
133 141
226 5
188 90
93 206
458 369
80 121
396 185
190 400
293 165
95 328
370 199
308 305
72 161
342 63
348 82
202 481
75 428
487 263
371 432
469 329
153 402
302 49
87 493
449 232
10 44
412 380
96 220
38 20
381 380
83 82
315 137
63 390
66 50
6 437
334 327
118 487
81 420
36 20
265 485
252 276
382 164
8 478
385 46
350 118
279 286
200 446
423 116
336 489
166 194
278 353
22 396
340 103
169 377
124 434
214 228
62 448
393 423
278 130
469 129
100 100
415 301
46 338
269 235
180 435
429 458
140 303
207 481
259 376
210 235
162 424
463 77
373 356
0 3
132 439
422 399
240 468
90 361
55 270
296 337
228 437
140 287
270 399
15 480
134 178
256 450
255 481
306 107
485 145
428 469
84 202
369 176
23 459
37 78
81 185
415 161
474 408
449 244
159 464
76 294
142 333
96 249
314 402
208 299
399 137
269 483
191 490
11 214
449 400
293 30
86 60
191 412
468 492
157 128
457 85
274 451
418 370
53 233
272 261
32 24
250 153
359 442
143 371
156 444
123 301
326 61
474 330
362 483
458 319
68 84
123 487
454 176
220 79
289 104
103 40
110 462
334 253
185 490
198 161
292 376
222 6
246 196
336 109
179 147
280 248
231 403
87 186
431 307
117 221
263 220
261 373
34 447
479 72
437 29
233 81
405 455
87 152
4 276
113 35
275 393
283 6
149 370
44 80
29 161
301 145
233 414
370 268
361 349
192 151
230 277
232 136
84 172
140 88
300 253
124 75
498 259
81 147
482 478
228 363
139 381
8 373
296 231
493 9
80 37
160 163
314 245
299 398
269 439
339 69
44 315
496 42
74 429
190 408
407 270
272 399
151 132
272 299
363 117
161 296
154 321
459 320
418 258
218 39
49 409
460 93
224 456
135 151
386 177
59 145
447 331
44 451
464 168
250 179
285 411
475 291
85 434
111 355
44 182
395 445
91 207
38 316
164 26
319 402
203 378
47 3
210 444
454 26
112 56
205 398
320 33
189 257
467 153
112 364
335 359
309 426
419 200
94 435
226 413
337 281
144 236
284 206
180 90
232 293
147 289
43 319
322 84
76 142
237 40
6 72
252 167
351 171
367 445
106 445
211 295
79 207
31 215
413 64
306 497
357 305
286 252
124 461
336 200
455 74
146 344
480 349
15 200
295 473
145 358
268 224
65 300
292 330
216 98
327 425
255 465
177 379
426 13
431 233
87 23
46 86
368 27
435 383
227 82
357 224
292 477
301 209
129 93
39 345
43 218
270 298
184 299
177 462
313 460
196 252
483 242
190 351
121 478
87 200
60 296
277 205
273 78
414 403
23 306
248 66
376 371
216 60
170 245
375 483
205 71
88 188
165 278
392 139
256 479
339 169
275 116
226 48
46 492
451 69
150 52
487 27
423 55
87 93
429 357
237 369
398 403
499 290
394 256
269 233
277 396
202 355
444 248
347 248
170 498
152 9
25 75
65 464
20 217
279 301
427 368
170 325
271 170
115 17
278 384
251 407
132 305
262 76
405 109
176 75
459 328
437 484
255 354
301 128
71 432
429 498
300 452
323 424
474 290
441 252
26 192
11 158
349 125
87 255
234 263
330 46
444 119
382 199
473 183
179 397
115 461
247 268
413 423
213 133
343 240
178 354
398 27
479 485
282 65
101 465
111 45
84 494
96 58
29 276
307 145
89 54
413 2
477 457
241 191
90 436
283 268
290 181
148 121
19 430
186 120
247 150
17 332
144 113
242 173
241 49
170 330
455 435
184 433
392 277
476 335
213 259
455 355
292 103
476 163
386 15
135 485
165 152
317 161
118 411
186 211
312 357
394 268
144 430
201 389
60 29
76 273
288 31
481 432
487 457
96 225
472 231
210 489
236 380
150 206
291 337
417 456
46 163
224 42
94 277
283 154
306 359
279 446
243 260
378 230
70 326
307 394
410 17
384 498
397 386
204 41
223 121
497 121
164 231
350 299
385 8
159 16
454 402
277 184
484 199
363 291
445 125
308 181
123 58
68 327
99 143
300 448
265 437
21 281
168 223
80 405
231 91
422 37
493 51
73 329
102 288
120 47
229 36
191 297
215 290
440 16
90 57
305 463
190 474
186 123
379 269
214 153
158 60
204 83
241 306
224 362
206 137
495 435
26 186
232 93
328 24
461 418
434 267
233 476
99 472
392 166
478 402
78 34
485 319
193 61
33 399
51 28
334 429
66 418
22 394
294 484
164 80
103 397
57 196
20 8
168 412
26 498
166 104
33 152
276 226
65 309
477 116
190 163
45 256
3 227
404 167
160 7
417 217
203 289
77 223
202 104
74 368
60 459
372 336
185 290
146 14
406 188
177 304
296 110
224 299
189 128
319 349
487 236
418 42
25 496
117 79
100 43
300 160
2 24
349 39
314 347
53 73
35 230
377 331
192 101
131 382
81 450
231 68
38 150
462 415
498 431
347 450
475 147
110 477
23 311
17 338
158 422
263 193
5 140
377 197
241 360
431 322
310 15
242 200
17 56
115 15
487 314
465 314
461 427
144 337
239 13
27 397
435 290
443 440
430 320
490 171
180 273
345 342
288 87
42 305
143 9
320 482
324 285
297 137
65 441
326 304
454 353
143 496
182 425
316 24
96 348
297 441
190 86
380 84
391 375
446 64
358 270
201 155
259 266
96 86
70 402
291 124
143 435
120 177
360 289
201 309
137 499
102 180
437 483
264 180
358 210
244 68
332 298
223 444
64 171
382 487
425 173
111 69
108 83
246 321
224 448
482 214
299 84
394 88
419 10
268 130
221 365
163 274
349 227
297 231
214 223
405 177
292 365
113 390
38 337
190 20
403 489
457 297
429 376
308 198
358 381
415 409
286 78
183 488
157 480
219 224
203 476
253 347
342 366
238 232
56 428
253 459
270 62
109 199
290 417
249 149
150 164
58 436
94 93
424 252
73 496
328 129
472 81
328 166
300 66
399 356
347 4
167 117
66 276
168 208
45 418
357 195
132 29
360 408
133 286
404 313
267 377
394 95
395 194
14 146
402 361
150 422
478 68
198 146
277 96
416 486
291 351
254 275
232 466
36 217
104 440
30 371
169 276
319 65
323 333
211 225
46 214
499 376
134 50
374 263
146 291
250 289
494 356
65 226
174 453
295 279
393 325
2 415
101 173
332 424
358 395
2 404
461 1
280 96
51 155
211 49
298 461
339 292
169 256
370 196
475 454
490 329
221 443
355 53
220 213
301 74
470 262
75 250
210 479
257 422
380 55
235 219
347 405
327 69
101 388
234 428
195 76
109 416
20 464
322 240
178 123
166 148
237 241
250 448
72 8
370 305
415 105
376 115
362 204
184 315
444 419
243 139
495 353
408 367
169 230
459 199
205 125
199 442
219 450
390 291
310 112
448 77
218 325
192 432
381 229
248 325
148 491
465 495
196 373
363 218
455 322
417 160
448 117
102 167
419 493
310 81
457 259
10 27
436 203
460 317
432 208
142 432
51 459
427 100
332 290
318 139
465 87
299 413
56 402
432 327
247 94
408 204
205 271
232 141
474 44
458 258
252 101
42 155
60 469
255 245
112 425
384 429
13 36
194 69
438 126
397 37
220 157
93 278
428 177
419 254
221 378
364 473
479 406
481 391
228 236
488 192
162 225
121 27
261 315
96 199
293 345
88 365
355 181
143 135
359 63
242 80
441 106
406 272
365 387
15 445
475 4
137 137
229 258
16 342
425 465
393 218
162 481
83 17
162 227
5 373
290 247
454 83
205 212
207 422
99 222
367 426
78 356
416 159
114 432
1 39
397 394
257 60
375 193
429 390
420 286
263 62
33 69
145 91
281 352
365 232
426 85
159 5
441 75
164 56
359 166
447 257
412 57
169 140
250 98
30 22
385 293
84 270
363 81
213 496
285 431
229 211
16 240
68 457
315 233
365 174
251 313
283 15
222 452
155 472
403 185
346 140
331 282
262 46
363 476
42 0
407 123
63 275
363 132
232 178
205 320
411 488
335 133
293 491
457 196
28 303
188 359
85 450
257 300
278 152
152 37
275 67
312 139
199 45
169 268
143 226
88 406
67 276
391 360
119 200
408 147
355 96
359 292
398 468
444 177
120 96
214 396
163 379
387 215
424 56
483 419
283 424
177 350
52 420
62 171
120 470
170 475
418 381
119 316
350 63
345 470
159 412
218 174
291 105
389 215
14 225
486 297
1 15
499 53
435 413
76 407
383 246
234 153
128 353
321 330
416 167
300 427
79 19
453 222
476 195
289 490
272 275
139 273
290 138
178 77
403 106
484 286
352 70
291 332
423 113
14 191
132 315
470 63
186 423
285 162
118 74
153 390
201 144
15 343
283 45
272 186
151 256
325 356
178 468
40 101
433 55
144 417
370 114
480 408
37 117
422 8
43 427
250 244
72 266
439 355
311 211
393 463
319 70
171 497
391 211
450 324
266 94
242 488
60 74
396 450
192 319
458 87
246 60
332 318
326 123
25 490
335 271
305 154
193 476
4 84
187 454
409 454
401 3
442 313
77 191
263 121
362 73
209 108
134 393
279 312
16 156
154 203
427 459
210 121
435 214
57 475
20 466
281 273
321 75
87 399
266 202
20 128
128 81
89 114
474 220
426 343
376 81
46 156
392 256
129 180
322 186
155 343
5 436
116 326
11 55
77 130
110 450
110 238
31 51
352 358
271 130
201 0
63 99
8 456
356 489
136 178
27 143
373 32
79 342
211 442
249 288
72 359
90 183
97 122
234 301
332 358
432 385
210 495
484 218
303 192
207 439
223 234
434 96
119 13
438 182
308 188
470 380
399 413
415 497
35 2
150 219
212 82
104 422
430 88
140 233
133 199
25 356
285 459
452 404
325 243
438 133
283 261
365 34
174 133
31 209
487 34
280 199
116 384
121 46
324 113
280 457
312 157
165 97
116 470
354 293
65 144
426 348
405 144
234 79
277 118
140 116
152 420
315 268
156 436
167 481
49 299
290 213
456 456
278 368
218 343
13 496
43 418
140 277
498 269
395 138
385 47
411 200
168 67
488 335
400 389
134 191
102 90
499 265
14 277
133 232
120 498
229 15
417 221
292 267
491 188
257 228
87 168
281 255
88 269
90 488
159 224
31 261
166 30
378 33
159 364
265 131
362 346
146 279
420 439
46 411
479 304
491 66
324 272
174 412
42 264
401 201
341 284
314 359
167 45
392 326
409 10
458 271
356 456
403 276
247 301
39 78
105 31
145 282
155 171
194 197
287 447
250 128
232 417
488 399
462 232
242 387
494 451
344 249
79 443
51 471
22 8
354 19
290 9
190 337
207 477
136 309
458 220
78 446
119 40
30 49
263 273
436 110
76 132
359 155
76 262
126 450
271 480
469 61
490 159
250 49
488 387
210 446
107 289
244 79
181 275
128 445
400 416
407 476
401 118
131 329
381 110
279 4
90 248
65 432
259 316
481 247
55 192
194 162
333 290
241 14
65 369
311 465
138 218
441 39
189 425
368 422
35 147
426 477
247 491
410 358
159 243
457 66
287 3
229 120
294 470
135 359
192 446
177 182
17 470
221 206
247 441
440 54
112 187
397 22
397 409
265 354
475 53
358 204
25 152
27 160
363 71
459 40
253 476
363 326
34 110
267 162
245 207
68 357
246 317
379 143
226 496
497 54
401 355
110 427
359 489
87 223
60 398
115 165
374 478
491 408
441 258
422 186
465 490
43 211
160 422
206 238
270 204
292 172
411 255
99 271
244 38
346 157
437 461
322 163
292 314
72 233
424 494
419 242
337 462
305 349
236 12
87 358
68 380
30 479
487 481
102 231
20 300
388 309
262 63
472 406
229 396
139 153
243 410
395 432
224 53
281 312
417 368
170 485
100 201
316 87
182 419
171 54
71 59
215 333
474 188
91 203
436 230
357 179
492 104
111 216
9 392
28 426
113 199
411 213
252 228
153 286
499 324
341 70
235 408
256 210
96 347
413 33
430 270
227 176
491 236
420 371
163 33
70 74
247 174
154 400
461 5
224 154
76 459
62 184
169 11
31 435
396 313
205 460
88 284
488 79
21 409
450 36
442 373
462 41
47 469
441 360
474 17
14 50
329 429
86 350
292 118
285 188
283 343
0 371
127 489
302 0
398 253
388 192
478 351
234 377
320 175
238 294
45 104
197 374
33 283
224 325
253 362
365 37
205 366
260 184
207 63
185 105
168 73
297 146
276 383
23 96
59 113
243 456
218 292
182 103
427 406
281 33
120 146
70 325
364 182
10 71
245 47
28 265
472 178
61 287
197 472
252 292
428 470
426 364
369 207
397 489
205 319
167 422
1 29
493 99
76 22
364 48
52 128
149 113
267 199
86 19
491 366
490 428
329 268
292 198
475 41
39 32
360 58
454 213
87 300
312 15
174 29
416 226
157 65
264 277
443 108
496 285
36 325
53 180
375 380
221 266
265 433
325 219
146 264
371 311
280 45
192 196
271 201
125 378
92 420
486 440
58 374
117 463
54 492
196 127
111 461
60 288
32 58
52 404
221 332
301 413
380 425
114 494
240 91
372 184
364 210
125 422
84 242
237 138
87 433
265 198
394 177
338 279
235 390
183 457
75 484
370 455
261 337
449 1
428 321
186 292
31 311
66 115
405 156
105 492
89 370
42 336
47 380
115 135
123 150
444 198
486 166
153 248
3 103
249 284
276 435
428 160
98 495
127 4
151 233
348 92
455 243
428 355
475 395
490 450
45 434
148 32
100 154
132 104
109 381
240 385
397 119
163 25
475 166
258 324
111 65
419 39
420 246
435 410
197 332
344 345
364 297
351 348
253 460
230 493
198 251
161 95
370 177
472 346
195 82
22 306
148 293
198 68
39 133
479 88
317 175
324 137
382 77
98 464
70 148
215 84
243 438
261 68
136 456
150 10
115 298
303 313
367 194
298 198
135 115
373 421
149 50
58 32
127 8
496 50
8 64
134 104
2 247
172 490
55 322
0 170
335 340
349 133
38 484
101 263
313 316
486 293
176 335
343 185
251 477
141 253
76 313
243 131
135 95
302 108
250 489
448 99
475 338
436 76
102 193
30 267
361 17
60 390
204 255
427 455
84 68
60 160
381 155
292 16
250 446
477 0
435 277
451 410
116 387
338 70
433 369
189 294
238 250
184 442
357 111
249 442
179 309
102 412
464 394
281 66
192 258
418 128
35 369
390 3
109 229
73 42
98 115
188 188
365 225
482 222
336 231
164 368
392 119
280 208
365 61
274 58
171 192
38 207
413 428
62 374
157 488
268 107
103 457
295 320
182 277
42 370
360 59
90 252
460 395
284 86
305 456
278 343
15 44
272 429
418 281
417 187
389 20
496 36
340 30
166 235
400 378
146 491
131 176
214 443
71 350
30 229
158 160
72 173
204 196
103 475
478 372
14 219
393 10
107 85
40 273
320 292
152 466
135 135
142 349
78 66
200 108
295 358
269 219
384 325
416 339
152 394
211 166
465 456
28 72
42 420
346 362
213 350
181 348
337 175
50 267
93 102
376 240
312 497
460 48
174 376
239 327
122 451
493 87
259 374
159 301
294 357
16 359
59 49
60 248
224 110
16 318
64 392
58 228
241 370
277 415
94 220
319 440
159 431
314 171
84 108
380 100
320 440
149 380
40 226
342 56
44 406
448 454
134 41
325 263
309 423
132 403
496 303
343 7
234 9
178 319
118 59
271 290
351 421
170 391
499 12
448 43
270 248
349 256
142 174
20 451
450 4
206 446
307 50
453 42
59 484
361 29
395 484
319 98
257 341
489 256
353 289
151 123
390 1
232 384
27 252
187 477
108 393
275 415
295 81
457 207
65 170
236 460
155 408
410 412
101 399
169 455
41 172
430 283
173 162
167 201
266 206
30 374
99 306
142 395
387 99
102 304
122 190
116 129
450 26
393 52
277 414
359 170
87 289
305 260
304 324
313 422
30 344
149 130
150 291
25 389
390 479
45 364
21 13
493 472
39 239
24 168
153 383
339 240
24 144
1 180
469 314
103 499
10 252
481 12
43 358
401 285
337 298
150 359
311 495
234 207
371 388
442 62
480 318
58 481
499 379
148 102
231 10
23 249
423 276
34 112
75 36
471 238
384 6
441 118
65 164
358 7
78 339
326 488
172 177
368 172
279 451
183 485
15 206
86 438
334 120
51 409
9 374
148 393
381 441
105 222
306 35
413 484
23 437
161 243
462 292
46 145
129 62
203 215
352 37
187 403
299 196
130 299
89 363
240 305
309 197
379 467
232 292
451 107
81 464
203 43
256 249
40 385
311 95
100 164
485 288
419 284
336 401
83 278
264 175
83 426
372 462
393 456
106 197
415 39
161 118
83 418
368 123
303 31
71 256
195 56
396 467
340 232
368 275
10 485
450 93
411 174
407 304
482 365
1 397
405 163
16 488
433 384
463 88
267 34
344 315
282 282
325 2
409 335
487 211
281 398
385 40
55 367
406 408
265 163
71 133
3 356
369 466
445 136
353 141
451 147
234 233
430 59
88 191
246 75
403 379
326 288
420 233
8 178
141 273
341 65
406 344
421 127
162 218
263 367
360 215
300 297
5 388
488 103
316 243
335 494
32 255
227 40
285 368
165 478
285 423
174 207
50 188
425 313
56 137
380 423
83 181
220 440
421 60
44 89
304 379
83 188
486 162
80 123
383 245
101 168
20 127
375 422
315 153
87 371
290 468
294 226
1 366
166 422
279 62
364 83
293 447
271 131
110 351
254 345
448 207
13 320
334 241
242 2
394 181
373 36
1 20
114 2
238 281
277 17
195 141
452 489
440 223
120 402
426 227
247 226
286 261
46 473
2 140
475 248
322 200
136 175
72 251
178 311
384 307
180 79
300 133
420 240
356 393
120 242
361 258
355 260
231 209
400 206
457 74
407 446
250 479
197 280
142 433
87 323
12 387
456 285
127 164
178 122
299 150
365 13
408 72
273 140
282 25
346 239
100 105
185 350
85 234
130 227
167 69
402 32
456 358
169 435
375 347
410 26
349 127
39 109
199 164
249 481
190 448
73 142
53 110
492 490
197 474
70 364
395 472
248 203
183 417
138 58
116 400
436 317
27 328
427 79
492 28
60 34
476 485
176 382
96 20
224 293
494 294
9 241
119 110
444 302
379 83
212 496
335 148
165 363
328 92
442 321
121 354
355 449
340 384
183 436
404 260
81 251
406 90
492 25
52 437
179 432
372 243
280 207
244 445
422 72
38 216
393 11
71 101
312 263
485 348
51 241
108 132
492 14
74 485
40 127
422 71
59 146
315 339
353 59
284 128
131 174
344 377
37 267
330 202
30 167
50 81
408 158
213 401
172 140
238 64
267 12
488 326
158 303
17 363
343 197
180 188
74 217
455 256
419 486
275 321
67 184
479 133
437 4
273 27
420 392
39 408
218 49
63 87
240 108
475 420
296 401
490 103
158 409
89 285
83 9
469 62
494 258
418 267
285 339
159 176
99 229
225 163
168 490
440 408
98 267
181 246
169 171
349 179
432 291
464 15
152 286
430 146
396 348
265 182
39 424
358 139
302 173
278 94
433 228
362 466
474 383
489 175
62 422
318 378
289 470
164 71
116 61
420 381
95 311
157 305
450 14
241 104
39 371
199 325
99 61
291 73
444 281
101 358
55 419
236 344
242 253
268 358
166 188
92 113
499 101
418 302
468 12
406 7
383 105
332 335
18 476
260 314
257 361
133 261
8 375
366 276
85 384
316 177
497 168
131 267
470 99
131 228
106 367
334 291
202 204
267 462
19 24
176 43
188 309
156 48
184 374
177 269
258 493
299 107
13 430
227 483
29 358
212 487
77 398
130 279
102 397
94 473
273 270
369 461
431 25
362 467
400 39
88 10
32 387
118 46
169 345
381 50
55 445
390 133
343 20
264 298
418 358
271 191
480 140
18 367
230 418
406 319
428 290
58 398
188 228
243 70
367 20
284 211
41 48
9 311
259 132
354 91
125 211
355 143
78 437
413 336
108 193
479 167
247 187
441 377
338 309
250 122
20 143
23 381
454 282
365 160
225 490
372 80
485 302
370 398
491 478
92 470
145 184
489 244
371 283
474 210
92 224
184 112
367 207
345 173
341 62
333 67
53 205
499 390
360 369
289 351
348 233
173 345
417 14
90 140
297 64
202 389
140 239
353 7
446 198
32 288
261 365
207 166
423 206
56 283
76 197
486 276
430 159
121 199
173 63
340 471
127 394
360 267
133 214
126 432
264 158
72 377
376 279
395 151
485 304
286 413
1 272
189 284
283 163
483 456
226 175
279 354
422 140
473 55
206 452
339 322
110 411
52 338
190 299
341 176
103 479
441 457
251 131
241 386
294 76
343 372
252 474
226 174
114 52
81 172
4 421
347 466
332 251
157 23
50 498
51 154
478 492
463 81
475 204
320 121
280 163
494 384
137 72
410 104
124 492
128 480
265 327
299 97
78 456
472 481
306 375
487 136
220 450
70 47
6 390
169 138
53 163
23 42
87 285
498 64
277 479
44 42
158 343
492 89
151 316
70 458
44 57
94 264
359 164
311 365
54 332
3 459
347 378
354 435
164 204
499 293
35 395
188 194
239 32
283 242
200 353
200 244
262 147
360 121
311 24
486 218
356 341
29 204
72 383
139 88
440 490
233 475
385 421
169 476
453 304
219 6
157 419
250 271
418 111
392 230
487 230
300 343
72 329
399 496
65 390
84 357
380 317
332 118
91 354
94 396
158 313
402 168
85 153
439 3
116 184
85 103
414 237
298 338
67 198
334 484
440 418
341 173
88 25
291 179
231 385
75 242
51 478
262 136
483 53
491 99
237 77
54 152
314 352
490 233
402 177
69 195
95 262
368 35
288 159
214 371
396 290
113 447
120 375
435 103
429 427
54 166
356 108
170 170
312 13
256 67
190 325
262 137
440 482
173 228
141 387
451 37
29 65
337 1
292 272
456 221
51 10
240 407
275 186
202 317
363 464
307 303
298 480
383 439
219 335
328 101
252 17
102 44
290 59
266 341
421 358
249 392
120 31
27 248
217 229
417 432
45 224
236 343
204 119
134 276
306 314
377 58
332 331
455 122
242 221
315 164
431 416
408 51
447 287
151 16
16 69
449 413
293 37
108 350
156 242
126 315
56 355
225 240
186 180
214 281
253 30
297 184
298 205
88 98
492 239
114 360
160 63
125 454
100 233
304 109
327 282
276 235
137 1
476 175
182 190
308 287
72 105
472 223
162 60
321 6
151 435
218 312
351 343
266 303
428 422
264 255
56 40
343 193
394 171
220 428
215 286
486 187
9 149
99 182
155 251
469 374
415 320
69 33
476 498
307 240
105 363
133 448
56 27
119 128
455 333
157 170
471 144
210 332
145 161
14 152
412 483
378 179
156 448
212 132
298 371
372 403
234 5
204 142
384 175
271 339
8 280
362 331
276 424
163 421
85 29
426 350
13 304
29 21
252 94
465 377
306 200
235 362
194 119
37 465
311 46
98 25
229 226
449 393
148 34
422 426
384 287
230 266
360 313
237 177
43 43
229 278
405 424
249 443
241 60
341 191
437 70
418 386
315 418
421 90
344 157
229 74
423 390
409 135
203 147
313 246
42 42
376 300
318 126
95 60
38 288
251 476
358 169
362 26
87 135
116 283
145 345
358 68
235 119
204 291
266 369
389 161
411 266
461 82
392 408
142 282
196 245
258 406
267 473
432 354
108 400
490 253
98 348
174 333
467 230
476 86
99 366
99 362
132 412
444 376
320 438
158 16
184 269
422 451
242 207
157 202
107 147
308 57
347 482
391 167
64 219
253 15
85 204
377 69
116 174
297 436
112 456
304 148
225 78
451 319
285 109
21 245
108 329
302 456
163 45
123 227
265 228
242 202
284 472
124 400
498 421
188 462
229 492
111 306
70 62
125 208
23 499
305 484
328 107
440 344
5 415
423 122
495 18
324 131
490 300
31 488
222 219
450 451
63 413
258 485
328 383
45 351
382 350
335 63
310 127
407 167
394 182
289 241
200 465
372 190
266 255
30 488
326 333
291 241
246 49
227 74
433 272
278 167
475 465
82 137
445 489
304 191
172 93
285 224
410 157
415 28
265 297
368 91
130 160
333 229
209 412
155 494
36 433
162 11
251 96
0 196
86 304
239 110
249 24
186 12
34 101
40 299
251 409
242 233
69 427
462 278
339 118
125 228
403 139
91 154
235 92
202 173
248 442
135 498
318 322
10 352
275 402
3 26
311 246
260 380
25 74
11 217
44 488
445 448
127 36
454 362
480 9
36 229
303 23
79 121
345 441
326 121
343 329
499 155
427 111
387 453
186 250
170 82
238 467
382 365
355 337
80 336
198 116
417 353
491 496
474 337
437 152
310 280
334 161
287 261
273 175
66 311
425 236
393 16
55 276
381 411
465 461
99 15
429 16
368 421
364 194
110 153
347 420
433 181
81 73
294 206
248 361
17 25
449 263
41 5
391 275
268 208
236 367
223 18
383 91
439 99
285 49
252 132
321 37
110 460
461 210
173 330
88 122
445 129
479 336
256 247
44 493
114 267
11 349
210 302
448 496
480 24
90 146
426 200
458 239
411 131
70 499
105 15
480 85
204 237
332 100
82 299
368 445
0 78
247 449
426 98
353 407
474 443
53 400
492 407
494 414
258 99
429 238
36 485
327 221
86 409
20 306
354 20
236 101
321 163
51 175
70 25
470 475
278 466
338 122
373 184
36 131
135 317
222 172
303 401
393 389
311 265
47 17
137 283
471 459
446 374
486 16
252 456
343 382
423 33
4 148
217 40
132 205
209 206
377 12
107 122
253 270
239 300
288 376
84 111
187 30
485 25
399 89
482 94
471 257
128 475
405 197
367 389
402 77
95 279
441 203
253 195
473 344
495 113
221 431
224 260
314 62
286 65
151 268
159 123
377 139
450 134
337 318
24 239
247 119
371 188
174 476
235 148
321 231
113 394
14 338
154 328
400 440
245 403
60 405
26 437
396 329
147 448
325 246
67 196
286 94
172 22
242 345
105 355
239 119
45 394
334 45
201 395
302 227
184 199
56 108
284 55
56 109
153 476
157 440
70 182
462 312
27 419
19 267
38 65
13 190
214 347
236 415
94 390
495 279
441 403
387 226
459 296
187 464
272 345
404 342
27 218
6 54
137 377
173 28
294 186
218 9
34 454
424 480
197 419
111 138
175 499
364 486
295 52
450 419
249 207
261 276
425 119
182 415
496 356
443 143
42 13
152 428
320 428
409 17
200 20
155 375
371 372
361 18
276 311
437 25
18 50
301 296
21 483
63 370
339 358
13 234
371 165
162 191
93 423
208 145
444 216
20 167
88 381
186 364
45 475
378 394
211 399
377 126
269 69
484 282
155 356
299 317
399 245
241 108
390 37
176 411
56 264
144 242
480 189
70 221
105 448
115 168
199 344
295 469
265 279
103 272
487 403
90 387
0 183
347 390
72 23
153 128
139 298
223 119
487 293
192 92
93 159
261 292
355 56
113 473
187 69
245 175
324 187
414 324
222 261
214 294
284 220
275 423
18 350
394 5
143 86
450 88
97 211
232 452
119 346
277 158
415 23
333 239
210 247
63 285
360 129
431 144
201 206
419 219
56 313
77 51
251 27
491 348
90 224
153 61
70 430
219 337
453 53
428 16
152 343
153 13
324 84
9 26
291 429
245 199
94 174
103 346
201 94
46 143
170 199
204 92
130 424
429 435
329 209
303 333
52 456
198 377
41 208
403 184
489 0
235 435
175 190
281 228
285 180
372 307
379 76
400 361
352 181
149 33
391 304
367 443
261 65
320 154
125 75
190 466
76 425
402 251
116 35
331 253
215 203
60 447
132 312
308 484
494 309
18 385
114 237
180 227
154 1
381 280
428 423
98 4
348 352
107 316
388 439
421 455
494 334
402 126
146 63
111 140
377 338
65 372
411 298
4 339
221 455
196 422
90 47
94 12
3 89
198 257
215 196
172 178
189 397
235 81
476 153
306 387
451 162
79 25
117 275
447 425
430 37
324 25
401 179
466 451
289 33
148 461
64 337
210 75
403 298
9 232
451 315
119 254
477 198
279 95
473 78
372 404
116 48
281 369
228 99
321 17
132 469
330 196
306 41
124 61
191 133
293 494
448 265
248 277
463 380
372 289
458 96
45 74
145 178
296 225
277 117
242 409
438 424
465 82
157 8
67 303
2 15
68 251
292 383
131 17
172 441
465 69
16 462
247 164
187 24
133 281
286 71
206 96
167 171
178 176
180 245
479 34
112 47
285 256
431 268
125 455
210 91
25 78
53 272
242 93
149 375
374 287
298 80
383 465
104 413
141 136
10 121
170 122
20 456
230 451
76 356
407 138
447 284
216 352
56 310
445 57
37 320
344 335
400 79
152 4
492 146
140 2
119 311
476 139
119 59
443 47
415 202
186 214
486 402
65 364
452 454
184 148
290 436
228 294
441 72
440 433
427 59
96 255
51 215
314 494
263 81
48 301
295 34
55 362
280 120
78 232
75 262
233 217
198 313
363 491
237 304
277 164
215 373
272 118
89 86
464 204
168 12
357 463
398 412
177 179
33 107
263 460
369 496
29 420
161 392
263 399
48 40
415 116
414 187
86 355
274 51
411 294
63 268
109 462
180 139
493 65
246 256
377 468
105 258
240 266
17 51
44 433
167 310
120 254
165 246
157 428
392 72
196 2
386 228
493 379
146 239
136 375
59 241
134 299
359 285
303 377
188 199
310 208
9 430
314 26
29 471
454 421
43 2
423 430
82 268
309 80
8 297
456 67
38 90
219 398
375 22
73 437
123 82
367 437
460 248
260 414
170 304
268 445
86 202
214 395
283 74
193 239
141 83
329 212
333 56
234 460
471 307
397 447
241 117
384 201
365 145
467 35
301 87
481 387
290 47
134 425
121 179
164 114
263 345
327 448
401 413
409 224
73 306
171 314
423 408
368 289
405 187
176 206
275 9
93 417
56 227
342 177
292 22
203 119
322 456
384 231
180 457
390 204
272 313
112 492
454 17
179 483
223 306
492 168
223 401
247 417
78 6
275 222
380 330
193 203
286 319
35 176
23 159
342 487
151 148
4 331
131 79
489 124
99 65
377 198
482 455
205 110
30 437
492 79
301 131
398 189
307 273
348 149
260 352
298 116
183 281
47 24
257 498
89 134
196 72
442 253
34 472
43 326
47 35
405 201
166 155
390 326
280 90
327 392
442 477
360 477
259 407
2 16
257 91
151 454
417 102
228 464
490 133
17 8
141 407
186 273
498 14
166 440
491 26
270 250
286 272
119 43
215 122
349 231
67 409
132 336
363 360
346 170
66 339
77 252
112 427
266 278
220 258
305 490
114 331
486 329
453 336
412 372
97 45
208 312
18 103
31 436
442 460
188 55
240 455
333 460
65 490
433 416
109 420
97 414
108 10
287 57
407 347
369 164
60 239
120 443
175 62
404 364
469 144
171 303
456 88
145 258
365 79
26 326
499 475
241 459
337 380
16 244
79 237
261 140
477 381
83 4
443 339
220 413
335 391
68 291
479 213
401 197
292 279
23 143
255 116
454 92
348 470
189 428
208 450
420 37
331 355
393 274
195 466
39 30
209 107
174 41
173 75
238 465
207 113
461 314
230 415
406 430
238 447
210 298
397 130
187 228
338 80
355 33
398 394
415 108
354 89
149 27
17 387
344 224
0 157
390 82
425 296
365 163
96 75
313 493
58 0
222 396
432 429
281 331
175 196
439 29
138 88
408 155
327 253
231 179
262 121
114 187
269 479
202 365
406 15
211 316
367 285
64 152
214 345
335 389
394 274
271 32
214 179
39 393
432 270
72 47
243 38
234 364
17 437
230 276
304 441
92 172
226 9
324 292
206 159
181 100
285 452
484 351
484 23
96 416
145 168
463 240
59 50
105 76
487 187
204 143
480 149
167 58
350 364
354 383
317 139
188 301
342 172
177 438
440 174
459 256
415 18
306 372
446 145
59 3
288 391
152 456
449 310
299 299
26 154
34 195
145 222
349 340
246 378
130 187
52 89
443 319
459 101
43 258
98 454
261 386
345 413
194 294
75 346
445 453
352 480
149 349
54 498
189 301
376 320
340 280
261 135
452 221
236 495
331 334
450 92
72 295
357 119
442 432
317 387
237 169
219 386
370 274
236 412
427 464
232 267
97 345
402 49
418 490
396 249
176 346
193 248
494 50
219 436
334 36
323 72
57 43
310 428
169 399
340 96
363 424
215 312
121 469
213 40
459 110
141 135
235 302
385 307
90 220
343 266
292 253
161 102
181 330
1 373
278 217
149 493
381 270
314 95
310 273
205 452
260 13
287 347
168 24
154 258
244 350
24 36
103 185
491 136
367 344
9 145
413 158
490 295
280 304
390 91
429 447
395 41
460 34
241 480
58 247
239 303
449 115
191 52
153 34
40 20
379 401
18 144
411 360
291 192
17 181
283 298
480 30
340 441
64 433
273 122
32 364
277 482
480 321
386 485
355 427
357 86
328 375
231 92
88 22
284 105
56 419
403 36
449 95
329 365
28 103
487 413
395 299
438 281
136 293
60 494
232 241
221 463
333 309
337 469
266 245
388 170
134 337
265 463
202 146
418 41
59 238
10 306
389 448
439 26
94 0
372 326
93 445
141 278
255 330
247 21
76 135
43 210
324 161
25 26
307 444
419 218
34 430
24 275
230 315
153 324
167 25
2 260
471 143
38 78
474 137
451 402
272 495
464 96
156 489
474 315
285 246
33 171
28 409
447 258
224 100
83 392
478 437
4 449
81 395
379 407
32 330
161 157
177 125
105 333
466 432
148 104
178 33
127 206
442 74
316 19
175 399
263 5
337 267
454 270
162 185
29 47
15 190
204 193
167 161
378 485
93 27
441 123
412 69
329 207
143 498
226 170
249 489
175 86
108 481
208 123
166 89
170 34
279 226
79 298
387 457
136 481
336 77
104 249
146 286
456 142
284 34
312 33
375 340
472 483
173 32
458 192
122 128
226 253
206 305
404 94
262 40
427 451
117 383
200 116
21 8
258 157
42 422
43 269
114 367
104 288
399 63
480 373
43 58
479 250
215 383
196 329
275 123
280 392
358 480
360 232
340 470
389 382
393 432
3 359
151 108
147 51
171 479
276 214
389 255
316 104
490 12
286 265
487 66
10 346
399 370
341 319
474 86
104 477
445 255
85 445
158 256
424 435
323 166
190 139
122 33
152 408
298 491
475 308
189 226
179 119
465 372
439 291
458 43
269 403
348 309
315 125
244 138
291 286
129 413
319 133
174 118
125 149
426 166
375 457
286 192
329 225
484 287
120 105
43 270
311 391
431 478
368 175
468 11
462 98
277 133
83 451
103 208
452 382
375 179
339 13
371 169
90 207
308 62
164 351
184 476
95 116
306 463
291 275
475 105
225 104
91 308
55 194
369 7
76 96
186 416
109 409
437 199
117 97
261 281
449 445
109 396
61 416
359 205
162 268
290 253
448 445
204 24
41 242
292 150
152 81
201 121
179 314
402 480
376 25
132 87
230 175
126 393
443 268
146 371
466 446
317 170
323 210
265 115
361 417
49 414
38 228
229 292
60 341
366 288
375 449
315 1
342 258
270 340
482 236
287 299
258 110
9 23
77 222
292 126
137 330
206 218
123 266
411 279
54 129
420 430
78 235
431 272
346 53
113 328
141 252
479 252
214 340
275 143
63 420
122 52
250 328
122 225
95 33
357 1
162 277
431 241
364 215
365 210
120 478
390 262
82 369
14 148
210 141
292 125
61 266
29 164
94 151
389 41
36 246
43 198
375 326
291 240
41 157
302 14
487 45
276 422
266 142
422 328
135 66
453 49
332 482
213 427
485 454
53 215
72 428
42 215
20 435
372 175
449 212
72 77
486 338
71 408
167 207
475 120
256 307
86 292
127 407
166 180
474 238
461 368
453 333
304 178
8 105
242 432
35 228
271 106
136 438
313 111
410 421
271 217
94 357
10 222
116 176
254 443
266 215
311 219
49 467
249 409
73 491
342 460
71 113
66 208
403 232
171 165
153 442
383 100
152 245
174 120
273 428
63 39
144 375
110 45
342 360
454 267
203 148
79 275
113 146
335 368
378 6
34 383
301 417
335 305
14 9
425 287
438 489
326 434
216 436
479 58
148 285
178 204
286 257
479 399
255 314
268 485
172 302
221 473
71 56
278 85
66 56
372 356
45 50
290 261
338 269
171 339
406 201
43 192
311 374
444 418
40 212
404 212
366 125
38 289
181 168
374 99
224 98
455 121
0 245
382 338
366 406
29 273
459 72
465 270
446 409
189 486
473 445
51 191
70 89
480 103
109 206
203 334
156 158
307 156
404 42
448 376
395 259
301 361
30 247
122 71
86 448
368 489
139 438
430 472
41 39
178 244
225 335
255 33
343 159
75 42
281 375
419 177
134 220
390 16
319 364
439 257
312 307
246 304
245 176
276 139
68 306
235 293
493 490
178 337
1 253
379 283
480 150
312 115
222 54
131 394
418 71
151 83
378 250
239 476
278 15
115 198
173 202
492 167
193 22
4 194
329 256
238 493
223 460
399 207
206 318
278 210
253 8
312 344
336 442
359 303
141 32
6 485
51 199
7 55
245 135
143 427
244 233
420 467
45 172
174 252
490 304
462 95
165 126
439 1
68 150
305 209
34 163
194 86
362 202
493 459
337 488
386 433
221 159
401 119
331 427
371 173
232 185
120 249
311 411
102 379
413 407
441 299
422 135
385 284
189 231
96 379
71 482
312 145
264 176
493 487
201 77
24 321
326 335
84 428
66 497
297 110
495 34
247 36
265 343
415 189
177 80
334 23
145 450
199 138
437 253
215 461
74 393
322 66
8 362
426 305
472 273
192 71
309 309
266 77
498 444
157 184
319 302
134 370
293 71
123 8
32 50
61 76
99 69
438 25
227 262
298 271
186 107
80 452
36 79
396 193
263 67
496 398
438 141
321 61
149 206
111 403
238 24
479 337
94 269
214 173
384 12
444 70
472 24
455 271
54 71
338 402
469 276
43 142
190 44
348 153
448 87
424 272
49 491
297 285
3 93
355 327
469 377
188 425
0 242
496 339
496 317
467 39
459 157
83 308
311 383
395 489
163 171
113 64
162 262
349 18
197 324
433 237
101 286
331 97
125 327
266 444
218 226
454 302
386 265
185 133
106 200
156 71
264 171
185 465
189 40
21 238
216 307
476 318
93 307
267 70
14 205
112 468
359 498
85 397
483 43
97 139
466 214
310 151
179 351
43 53
90 260
212 418
430 305
77 197
227 64
83 93
270 195
414 129
378 28
395 476
20 213
42 330
365 73
182 260
126 124
20 338
42 450
495 471
0 222
36 83
168 158
279 82
287 176
433 18
57 180
494 77
394 388
407 259
461 441
371 440
65 392
130 459
194 126
431 46
200 319
130 368
477 261
450 116
289 236
134 346
416 128
423 310
16 331
421 330
124 293
270 190
37 400
1 83
378 284
130 431
103 112
299 80
225 102
197 14
338 331
361 106
312 284
417 180
467 338
10 92
483 132
134 20
385 487
104 263
272 86
194 227
198 346
160 423
300 357
40 150
96 204
287 13
385 106
204 247
198 187
380 184
208 265
172 164
380 296
250 427
375 300
273 35
223 73
244 12
15 11
489 154
25 226
260 229
474 311
268 206
495 328
323 19
492 203
167 94
130 43
394 255
78 469
328 323
334 243
460 349
255 449
3 132
28 115
426 481
60 422
310 383
293 154
86 461
249 69
4 495
324 82
465 5
257 299
100 217
0 207
19 3
339 47
470 404
401 397
386 313
171 48
196 464
54 134
277 155
203 281
151 28
216 116
385 473
415 485
191 415
193 62
270 32
109 240
437 362
175 160
75 223
477 481
357 254
137 61
388 288
441 104
404 178
429 171
86 356
34 208
241 495
300 30
209 290
57 384
302 132
107 131
113 317
386 250
230 126
390 23
230 294
201 159
465 364
73 18
111 314
14 412
344 223
54 253
460 356
385 419
488 350
236 226
453 466
352 343
489 434
490 42
445 307
407 429
211 332
448 174
146 314
438 342
37 344
95 349
201 332
269 41
182 5
119 487
324 323
183 165
257 173
208 54
332 467
484 395
299 284
70 297
98 360
491 487
205 86
337 258
270 458
151 304
463 270
292 139
93 475
0 217
256 332
184 92
80 335
376 150
484 326
362 475
314 419
61 3
177 183
461 180
487 276
450 279
416 395
106 425
97 458
142 206
143 326
298 223
13 175
225 497
1 439
472 167
359 385
170 388
68 131
69 55
408 371
187 176
267 145
101 216
104 243
422 99
421 221
322 286
396 399
283 249
338 107
417 197
344 87
86 264
71 7
171 331
378 358
359 497
356 312
214 460
55 136
59 328
209 233
114 457
132 249
207 470
208 476
168 52
415 106
168 486
113 339
317 343
50 28
341 406
340 55
218 247
43 277
75 105
362 41
62 494
142 121
464 350
97 484
254 13
442 422
351 407
114 21
251 164
49 92
422 390
499 140
137 394
269 65
499 131
458 62
125 101
303 133
278 410
146 72
184 349
370 231
314 420
175 88
162 174
228 299
68 497
216 420
128 175
482 105
128 17
399 283
150 29
45 148
101 230
498 81
380 220
312 47
140 487
135 302
13 364
454 434
213 22
354 194
197 188
151 177
57 50
313 60
431 358
60 33
440 410
466 321
131 279
220 271
118 355
426 484
71 232
418 137
254 124
331 304
164 482
333 221
385 146
281 316
5 342
201 297
252 168
118 235
299 190
7 269
398 285
253 321
17 23
458 123
499 141
427 163
124 261
385 361
259 18
177 116
212 231
414 465
399 384
52 198
75 411
467 325
196 73
146 65
96 105
41 96
98 468
111 74
81 496
435 341
15 465
309 227
196 223
44 95
108 97
145 35
8 464
360 57
37 358
474 486
315 15
434 414
336 45
488 417
394 276
110 261
241 420
340 289
495 237
384 103
334 381
490 194
345 202
103 235
61 78
221 376
445 7
290 281
52 131
199 446
407 161
207 148
81 48
437 77
285 173
32 471
406 375
17 251
77 473
338 490
403 59
367 348
66 9
130 471
140 181
269 47
194 329
47 128
229 336
361 89
189 267
316 58
371 394
384 434
121 103
135 39
113 117
362 253
150 132
153 344
313 52
472 42
241 29
408 102
119 449
222 287
7 445
181 39
6 418
325 479
21 312
371 486
429 233
92 79
217 245
424 30
149 248
424 390
278 184
345 249
133 67
36 141
364 70
32 370
488 209
202 361
22 73
348 303
158 440
383 376
258 186
259 183
77 37
367 274
286 1
341 323
494 57
279 233
87 481
94 109
406 294
413 65
86 148
159 199
162 418
234 239
456 102
13 94
455 206
269 449
115 14
327 394
247 414
228 194
376 134
199 427
289 492
50 300
44 212
70 278
303 378
232 168
473 187
226 242
488 193
109 167
88 356
82 168
402 458
302 243
99 354
22 240
198 72
40 242
137 110
373 292
489 105
313 314
145 391
408 133
85 17
153 25
226 235
193 480
45 347
75 496
201 97
236 252
22 128
494 11
90 367
303 431
325 468
245 470
360 6
455 445
23 108
470 101
195 15
82 240
362 157
88 416
255 324
168 277
304 14
288 395
234 443
178 59
412 276
381 124
282 336
69 157
297 391
259 344
406 341
437 120
350 25
36 105
202 56
234 6
71 374
253 305
170 432
364 434
208 245
58 490
433 479
147 82
370 258
427 128
99 364
248 302
389 137
259 91
193 494
450 264
220 203
69 390
135 285
176 195
382 234
185 168
213 185
250 435
443 29
63 395
245 164
197 487
301 456
430 494
302 380
111 375
84 32
265 71
318 294
267 52
28 304
220 242
177 137
204 93
32 450
257 81
437 410
37 367
256 192
248 367
400 184
255 70
478 374
122 7
31 195
101 224
18 130
361 222
75 393
24 184
326 461
94 364
329 351
56 429
218 475
113 470
159 220
40 138
447 15
497 330
210 98
54 80
80 416
302 156
161 327
340 488
140 435
204 469
138 112
250 208
87 363
179 246
436 71
236 235
86 233
65 296
183 119
376 116
387 31
272 49
210 464
389 350
251 93
172 389
57 274
98 144
490 129
200 479
161 139
64 78
435 100
197 164
216 437
47 340
338 257
304 227
459 56
172 483
445 229
258 395
225 248
376 467
26 77
298 39
216 215
117 3
167 166
19 383
103 66
223 293
323 379
20 135
435 44
118 233
128 350
328 5
170 354
434 320
245 2
387 362
357 54
381 377
437 336
443 12
130 119
392 2
254 179
399 224
412 24
305 41
227 133
398 249
340 332
69 85
186 457
300 43
11 181
420 301
369 216
165 499
335 57
2 89
237 401
165 1
277 470
42 4
456 440
253 296
124 175
233 162
132 33
206 495
66 478
296 436
194 314
287 29
371 289
470 460
42 488
462 172
458 356
28 266
149 134
62 125
288 293
181 346
140 100
176 289
36 371
103 323
252 326
465 75
139 359
63 101
383 373
309 412
140 310
46 54
436 207
350 76
352 384
422 492
484 98
281 372
321 384
47 426
211 12
1 350
224 64
303 107
289 464
371 429
275 417
336 63
476 186
139 328
422 413
321 406
363 454
130 185
339 178
111 402
42 464
252 266
380 407
226 169
371 97
451 498
367 287
61 195
325 200
24 100
465 197
358 329
151 489
366 342
167 329
244 209
293 348
328 173
255 406
194 479
355 497
477 222
136 39
418 462
91 294
62 57
491 272
386 494
261 104
337 280
433 81
342 78
430 22
103 37
428 297
16 283
295 494
358 283
385 128
245 476
422 159
33 265
432 271
227 448
326 160
382 168
238 164
190 193
201 470
491 70
253 138
416 463
421 301
91 19
129 365
30 163
482 314
360 14
42 38
26 276
206 117
440 248
310 494
70 153
64 323
143 480
281 230
436 410
448 466
425 430
133 64
24 493
430 419
31 308
195 89
425 136
189 88
482 259
93 46
434 237
26 73
154 159
156 90
69 104
408 347
34 393
411 59
386 193
330 269
1 25
210 279
13 251
219 495
10 312
41 297
49 419
222 203
78 378
145 0
334 406
347 369
299 110
280 38
303 110
159 156
487 370
435 353
473 154
348 484
319 242
133 368
13 355
72 92
86 69
141 127
401 273
235 176
212 223
398 0
76 372
6 276
208 325
370 193
46 384
400 470
476 486
39 420
259 367
211 400
346 112
26 215
20 261
243 84
484 142
436 412
366 295
189 426
120 411
119 18
295 19
488 271
358 380
43 117
247 254
369 445
160 238
9 403
175 493
397 111
258 115
406 299
41 379
210 12
397 6
384 386
129 242
266 173
279 432
162 498
180 174
88 189
429 263
34 179
375 292
294 281
91 336
12 154
200 410
160 84
148 141
326 266
314 389
131 446
322 145
444 2
319 32
43 100
148 77
279 23
222 74
156 313
262 169
467 462
431 479
47 431
121 225
197 287
115 328
233 437
325 29
291 496
62 334
96 62
411 376
85 133
299 64
26 45
450 425
476 423
151 173
210 118
353 296
55 30
325 198
26 239
32 123
301 295
499 238
281 301
332 432
365 446
50 243
344 352
169 172
275 172
198 486
290 403
134 197
434 311
395 460
51 279
435 204
426 286
443 207
87 127
139 304
425 42
48 269
394 69
294 170
241 492
8 383
395 494
80 181
305 327
494 208
458 429
413 384
216 208
444 155
335 435
460 260
329 360
382 224
429 176
246 22
168 106
405 415
452 337
97 257
16 443
466 326
372 379
210 440
439 6
96 274
442 408
386 123
268 120
199 49
296 445
423 316
403 180
232 355
465 385
124 431
211 348
162 273
289 101
280 237
145 465
197 265
86 397
166 382
194 89
199 450
269 283
157 138
316 122
140 67
211 281
20 343
18 247
417 15
65 467
132 151
216 298
385 262
239 436
212 360
219 222
350 387
344 225
179 250
163 172
169 375
453 190
70 324
289 340
191 354
307 176
5 375
326 243
137 66
179 202
278 399
424 129
138 268
354 318
370 370
342 40
97 295
230 167
471 371
7 15
226 314
191 83
41 17
326 179
435 6
381 214
257 305
343 247
425 49
65 148
419 407
188 16
184 378
141 191
393 219
358 436
303 399
454 481
430 389
339 311
455 448
468 298
196 246
348 113
394 267
373 434
136 428
204 172
158 197
363 404
417 73
340 72
325 294
36 245
419 491
45 239
142 241
337 490
355 231
109 228
17 97
8 73
269 166
271 485
422 40
58 263
464 235
409 369
491 297
466 262
141 364
1 283
105 339
125 312
422 86
392 292
184 252
365 305
271 136
290 193
28 349
456 492
84 366
163 32
189 304
396 43
439 354
234 64
166 8
3 411
300 39
163 166
344 434
154 135
128 183
336 84
27 272
200 318
126 241
474 22
136 414
228 370
330 395
231 185
158 31
224 321
197 69
256 204
204 384
387 392
320 414
164 123
8 216
293 486
458 267
8 94
33 89
317 364
336 48
49 494
79 274
315 129
195 423
333 399
307 72
338 307
455 198
24 248
184 482
15 45
428 49
134 97
265 470
145 166
464 77
292 131
58 487
55 243
238 214
167 381
194 357
189 149
56 213
249 92
47 265
137 327
166 271
425 283
93 422
449 409
351 94
41 261
81 96
4 172
310 23
53 357
381 94
159 256
29 58
373 19
238 391
142 163
174 236
437 123
145 289
217 186
402 151
134 407
323 445
430 228
302 163
100 186
268 482
245 141
1 483
384 143
498 58
379 435
34 377
76 103
415 479
254 50
238 429
347 20
10 1
184 37
13 136
223 282
118 320
275 471
303 160
70 346
75 369
208 491
200 314
393 438
96 92
311 458
93 347
495 458
483 70
92 454
391 368
380 40
200 450
239 141
407 314
305 63
281 50
353 229
142 164
187 87
11 34
46 347
105 138
301 496
358 226
42 90
267 94
393 358
172 450
267 330
13 400
380 366
482 375
383 21
462 246
56 360
93 13
499 394
9 209
121 403
300 240
350 45
98 437
345 122
387 464
452 252
216 185
119 198
60 2
220 374
248 128
235 194
141 86
88 2
295 61
257 447
301 107
492 251
45 189
374 284
153 178
37 222
215 8
420 275
10 492
2 110
120 237
304 261
175 245
115 470
306 373
270 460
332 114
63 229
304 289
14 309
468 403
31 183
411 304
311 273
296 313
235 269
402 40
137 498
399 443
223 169
255 55
284 319
285 440
108 151
249 428
54 133
464 465
437 127
90 85
440 325
206 194
217 441
271 354
291 170
150 14
192 257
421 328
76 206
120 37
209 221
317 263
354 133
80 143
260 170
81 52
348 139
246 65
80 369
272 371
392 422
385 84
179 307
264 108
365 384
497 75
105 166
190 312
300 271
455 60
293 388
465 141
28 211
59 108
433 331
332 325
105 217
261 284
244 94
261 241
21 218
408 211
30 60
334 338
472 480
473 106
1 32
67 434
215 399
259 320
468 20
457 197
397 53
291 10
147 164
80 407
375 111
467 62
301 439
394 379
377 367
338 378
252 257
312 467
156 423
140 476
295 97
173 44
2 316
54 149
480 134
56 208
97 23
122 250
315 16
482 192
383 172
422 487
429 86
455 437
9 447
413 156
396 439
200 398
255 106
48 88
92 104
296 42
480 270
292 295
286 126
339 21
298 261
9 79
347 316
16 208
263 282
216 159
221 416
57 328
374 457
416 318
414 64
360 394
334 5
41 120
131 380
141 3
361 340
319 230
400 82
12 116
241 85
384 150
413 110
108 330
428 22
246 141
268 81
146 309
53 129
189 47
263 182
50 477
374 369
207 274
451 71
242 44
156 126
47 69
236 155
251 16
29 498
157 297
431 155
106 484
285 147
32 400
329 434
377 203
304 436
329 107
7 71
4 163
197 51
85 285
58 188
38 311
236 469
466 194
454 103
341 338
4 22
272 381
225 428
318 406
388 177
477 392
193 174
295 278
311 353
318 464
292 357
275 28
74 132
345 415
322 201
437 95
83 14
375 253
420 263
430 249
7 123
275 154
253 86
7 72
50 151
429 178
31 107
420 105
240 117
372 62
319 161
9 254
27 237
359 447
352 141
48 212
265 323
366 370
409 374
294 312
377 75
490 409
183 262
366 275
231 239
189 402
400 51
156 280
288 15
227 492
204 274
496 213
297 291
377 174
218 219
435 401
481 302
28 64
467 145
121 475
425 261
343 5
253 352
133 458
126 436
29 474
149 326
117 26
352 336
245 288
89 78
442 118
495 187
332 309
289 110
70 132
115 323
484 100
133 462
36 162
437 38
340 406
416 193
242 14
481 332
444 275
302 439
462 490
253 294
151 43
256 221
175 223
396 12
323 30
474 212
44 263
102 385
170 18
78 412
32 411
96 477
186 398
416 148
388 22
294 391
65 51
112 92
274 361
104 98
243 431
162 287
46 264
24 216
282 102
481 167
13 77
144 51
328 412
199 68
286 494
460 203
45 424
296 319
285 252
269 380
35 283
20 82
47 44
298 182
201 364
61 197
416 389
109 115
457 248
109 269
451 6
194 247
178 331
352 299
212 387
83 84
321 482
480 472
16 479
103 217
344 16
414 260
405 376
227 215
124 337
484 75
195 30
175 373
362 27
173 426
266 108
10 88
90 490
322 15
176 166
32 443
278 289
319 5
4 443
194 341
370 390
371 45
115 85
424 140
11 43
248 373
483 191
216 43
150 38
410 178
56 442
121 334
84 292
191 440
87 386
128 357
355 95
442 132
236 306
175 336
31 158
379 247
53 381
137 463
60 45
258 33
231 194
178 423
134 265
161 268
75 141
125 283
236 419
415 324
225 442
161 257
100 392
356 5
274 346
320 186
243 78
71 475
272 249
398 259
15 411
27 442
52 4
225 288
423 140
465 1
82 126
110 34
18 466
39 144
164 360
330 408
290 402
235 415
151 485
174 18
396 53
461 448
409 38
179 53
333 113
31 443
148 402
262 39
46 278
399 229
38 190
131 273
457 134
258 483
5 154
36 318
454 445
356 395
129 387
300 315
1 332
258 1
86 372
40 132
3 440
213 41
482 196
315 291
331 73
274 188
80 310
6 34
107 214
429 88
102 230
403 103
414 14
104 0
386 144
484 241
436 198
283 270
394 98
413 77
171 187
117 251
349 123
138 308
338 419
397 440
1 300
395 415
166 499
267 53
495 252
294 284
406 48
27 320
126 51
7 243
154 357
219 292
17 409
212 414
201 213
67 96
481 233
447 248
138 294
352 285
430 6
214 337
55 242
157 181
293 16
276 299
225 347
92 243
108 156
9 309
221 76
257 202
310 56
303 448
351 7
233 133
14 448
470 69
42 479
102 335
348 230
486 73
430 78
168 38
86 178
348 308
254 457
362 64
14 165
365 217
25 98
350 39
398 173
460 440
4 62
127 352
144 114
278 74
192 298
113 279
328 313
439 83
270 301
499 136
467 216
205 344
315 408
383 213
81 195
154 437
109 281
142 253
247 420
180 440
70 145
71 399
458 10
334 80
311 185
69 130
402 274
326 69
182 61
134 115
256 140
53 365
274 195
471 21
467 151
313 37
296 384
288 106
246 474
38 410
160 107
392 414
382 219
483 416
280 469
32 389
110 437
254 384
132 225
405 451
228 219
340 24
455 129
130 54
103 21
316 115
128 60
29 362
279 364
279 412
334 311
301 444
248 407
180 232
133 85
183 361
156 23
238 464
4 220
370 460
241 186
75 370
98 457
232 230
173 363
142 7
174 295
303 274
54 335
6 39
273 41
401 281
417 491
245 421
63 467
381 305
5 309
118 111
475 328
151 1
475 306
276 29
142 134
69 415
28 322
196 445
313 294
218 228
113 452
33 119
261 412
75 231
24 409
374 351
89 25
204 64
184 332
445 326
467 14
336 141
292 1
287 10
230 401
314 115
372 75
380 447
208 33
107 149
58 311
213 242
144 158
420 463
25 365
162 213
7 454
215 294
316 297
47 131
264 419
58 144
218 217
400 278
102 359
427 160
171 140
255 167
151 27
482 176
393 144
389 252
450 456
398 118
105 446
249 370
217 160
14 288
229 267
66 331
126 494
343 149
486 450
316 489
478 150
17 223
146 259
327 96
215 225
215 173
23 316
43 93
476 409
381 57
176 299
388 303
293 84
452 132
34 121
121 364
123 139
439 270
250 266
366 317
344 433
490 367
250 33
460 78
295 193
136 471
493 376
126 138
460 431
270 347
404 244
211 27
383 151
297 485
269 16
302 113
301 293
481 403
178 293
482 473
339 470
445 184
198 423
322 11
354 445
358 258
189 421
286 424
72 435
409 342
303 211
307 457
4 140
360 183
434 194
8 125
16 305
309 215
229 483
78 83
428 436
194 117
357 332
41 282
119 450
14 283
380 18
424 92
53 210
287 62
335 303
367 496
370 448
479 448
384 408
384 78
377 94
410 419
376 381
221 204
304 235
487 36
106 263
481 11
473 268
425 160
423 293
156 294
93 488
242 477
396 479
55 273
73 317
44 301
199 118
5 355
244 163
108 225
175 81
345 100
94 268
245 250
62 339
238 157
136 76
112 61
393 8
214 444
126 71
300 332
415 396
347 23
473 22
457 318
475 51
86 220
153 1
411 244
158 80
82 146
156 194
59 401
203 273
346 181
344 498
13 259
246 213
135 219
235 444
37 210
347 475
283 0
476 46
96 486
478 179
484 134
225 43
388 428
168 86
110 12
436 475
124 182
188 111
401 276
55 290
265 121
254 94
20 203
80 498
234 65
485 459
460 373
240 129
459 202
493 395
177 117
429 218
80 330
346 135
120 184
389 237
158 496
331 178
51 264
176 285
181 161
244 493
386 484
122 197
186 116
85 373
286 166
203 132
153 175
168 395
265 326
243 448
356 294
64 33
79 245
46 175
239 433
12 213
130 50
181 75
118 267
300 404
285 356
388 290
383 57
37 148
235 280
449 92
125 5
111 23
33 202
456 45
415 439
95 97
366 214
216 166
470 1
22 359
291 406
268 329
406 3
461 355
447 388
369 424
245 480
448 278
182 256
323 449
47 271
46 413
485 262
432 455
115 306
166 259
64 434
440 471
290 401
178 89
141 399
14 387
379 314
165 413
70 341
215 118
112 113
383 97
228 167
404 343
474 423
102 390
209 394
361 499
296 392
441 289
291 455
176 23
269 194
436 191
35 3
161 499
117 45
448 345
64 352
40 390
281 485
389 494
336 37
386 129
327 178
84 3
201 205
49 489
397 84
435 462
455 383
307 20
236 347
262 363
342 43
200 232
390 389
269 276
18 96
454 455
452 7
160 1
497 57
468 373
304 423
257 111
295 345
310 410
60 153
453 113
237 343
354 6
472 224
455 278
179 259
260 135
101 50
329 69
276 133
345 33
96 492
230 406
402 142
411 208
107 148
51 461
7 375
186 314
154 217
73 292
409 185
279 11
236 108
432 12
241 277
397 189
270 479
95 24
473 359
232 81
359 136
42 366
11 80
32 17
309 59
143 440
70 231
48 355
95 141
132 492
330 254
323 426
279 296
137 11
377 496
147 272
215 11
352 247
28 2
205 190
62 348
130 484
79 179
339 174
320 472
18 151
78 193
341 66
221 71
62 368
343 277
379 47
377 260
50 82
450 112
282 80
96 213
111 288
387 432
260 257
435 190
302 364
400 143
282 121
214 344
341 57
474 73
457 203
333 7
471 419
215 419
132 327
207 371
111 319
480 46
10 282
410 410
425 44
31 492
240 224
401 66
297 358
269 130
217 406
265 188
177 481
108 161
160 167
384 271
487 364
317 497
498 79
259 276
123 142
268 363
366 169
430 164
380 199
146 97
458 412
138 487
245 98
149 405
265 33
176 252
250 345
101 248
424 360
24 47
354 144
262 221
166 192
237 46
244 383
495 54
147 133
41 244
231 42
1 497
76 177
101 326
22 203
426 298
415 451
197 270
95 460
491 261
4 80
159 248
463 155
154 463
288 48
59 372
90 61
221 18
90 322
344 113
25 123
263 293
74 461
63 21
421 406
135 425
486 294
26 301
116 90
80 176
237 35
189 327
357 386
292 235
9 56
28 435
17 91
308 290
497 443
215 335
238 93
126 253
481 206
429 295
229 18
330 419
345 40
275 18
46 155
453 415
246 113
205 95
57 272
282 295
366 418
186 344
23 168
402 452
463 132
322 146
403 168
186 60
430 56
468 383
471 66
496 28
13 405
300 295
52 18
213 239
214 237
407 117
41 222
249 216
368 152
384 406
64 394
219 494
302 187
229 273
105 77
301 118
483 453
413 35
324 479
274 38
68 33
155 109
256 256
325 124
260 61
31 324
307 102
170 109
142 399
234 247
329 387
218 164
193 131
199 17
110 326
55 178
140 467
319 317
92 80
231 475
256 390
77 427
0 219
178 86
319 7
474 37
171 19
20 223
401 443
161 112
6 153
80 178
323 24
110 406
499 218
296 428
145 148
0 176
235 171
35 61
208 59
80 228
134 468
211 35
411 225
147 270
230 79
448 53
103 410
459 454
128 256
383 126
256 235
302 491
406 189
404 114
100 336
194 234
304 258
269 68
483 269
338 213
348 138
119 304
400 78
258 28
186 493
154 443
228 308
286 134
350 191
100 450
379 295
185 36
53 306
104 388
427 294
101 128
432 184
151 190
184 219
379 419
399 81
462 499
32 341
146 69
377 51
227 333
439 155
479 393
283 115
465 67
299 116
257 364
306 293
435 438
58 166
357 309
248 319
308 132
13 307
201 242
358 428
76 150
83 407
23 8
285 174
125 395
38 283
40 325
221 450
344 79
259 92
250 420
224 263
227 425
205 434
87 141
193 130
211 216
491 349
391 468
96 281
251 136
459 472
87 303
51 198
395 154
118 471
135 453
61 74
446 255
205 158
471 196
7 214
16 103
496 267
91 307
239 30
110 143
229 5
297 199
328 66
249 76
194 236
381 255
310 328
10 367
486 334
63 345
48 79
300 396
198 391
203 438
422 313
433 3
170 230
202 498
148 451
74 342
39 308
98 350
136 460
217 474
294 133
319 343
64 119
91 263
10 295
201 284
108 134
287 131
216 342
129 216
145 56
59 185
364 9
35 0
469 104
326 116
237 145
311 302
116 402
65 478
197 118
263 158
104 402
289 320
96 270
36 242
178 447
279 42
308 314
394 130
418 220
246 8
217 57
310 333
311 227
164 361
345 279
371 301
181 12
473 278
282 361
372 461
309 151
355 117
317 250
247 87
322 345
95 40
402 405
225 66
132 389
427 329
20 298
130 202
310 103
332 444
465 56
257 126
215 343
463 389
40 59
316 7
361 449
248 288
130 269
438 113
323 100
216 155
44 33
63 302
11 270
267 107
146 482
302 109
371 342
20 153
137 337
12 498
138 260
29 428
381 352
28 450
359 425
335 422
227 347
44 346
306 42
328 108
4 51
450 24
56 440
361 68
290 499
181 281
120 210
209 353
415 90
303 126
15 491
190 445
440 496
340 120
104 344
171 406
368 80
346 82
148 489
81 329
270 201
392 331
55 159
421 210
285 436
53 186
30 243
484 470
239 324
90 343
168 114
102 388
194 300
470 194
289 52
376 59
105 120
391 12
279 164
75 64
103 131
372 87
454 111
411 44
307 431
319 204
399 351
194 127
410 299
247 153
164 378
318 239
442 271
219 397
402 91
55 247
30 411
123 350
140 367
35 334
494 298
485 93
451 1
471 121
92 265
163 147
403 499
3 310
99 256
24 129
20 147
479 488
184 471
355 219
157 201
17 495
146 321
496 117
294 89
382 187
334 156
249 189
467 348
298 343
329 318
343 161
158 27
132 365
98 290
66 468
285 212
141 133
181 435
222 415
474 475
165 160
132 414
202 451
114 0
146 443
170 489
104 328
368 237
193 467
379 111
435 16
175 428
149 356
363 224
123 338
199 288
350 183
202 52
134 316
52 281
112 74
122 216
254 491
305 299
458 36
410 245
52 85
173 54
278 417
78 329
205 429
13 260
481 499
428 386
132 40
312 255
257 67
98 414
366 408
451 129
153 355
66 178
261 360
66 39
129 497
221 186
426 86
298 259
85 227
497 70
267 310
177 376
377 275
291 95
183 94
224 188
301 291
366 63
3 284
454 132
281 175
170 59
261 469
171 199
48 168
269 315
330 446
44 59
221 187
155 256
281 231
444 82
22 162
145 377
446 100
361 80
127 32
139 389
353 162
88 401
183 357
68 13
155 112
73 228
484 432
163 428
15 186
90 12
63 388
464 277
468 444
309 460
333 14
122 273
415 305
482 483
171 137
96 96
365 247
180 191
129 47
229 71
459 376
422 428
320 231
240 5
245 362
278 12
20 112
495 43
101 443
139 466
191 167
167 371
358 148
418 88
219 329
233 178
57 155
458 229
238 198
234 335
413 364
347 433
476 194
476 429
138 467
247 329
134 414
52 344
414 470
284 133
151 369
164 209
376 122
438 114
173 25
301 86
389 148
19 218
343 347
147 333
166 395
14 300
161 66
496 428
388 281
61 39
2 77
100 379
200 391
345 225
268 147
311 9
147 182
29 227
175 195
474 189
347 487
107 195
415 495
476 329
387 479
258 339
210 310
82 55
35 350
54 346
360 202
28 291
396 409
370 72
456 344
113 155
132 455
158 391
147 368
201 229
276 237
432 330
435 144
384 464
435 281
373 306
205 182
2 318
337 186
391 188
490 312
368 474
119 26
365 266
247 419
496 375
205 443
424 90
407 359
371 133
17 428
167 20
246 4
193 48
302 413
23 273
439 240
40 38
159 388
413 167
168 471
463 92
61 222
303 284
207 321
212 374
341 310
379 399
152 424
300 306
80 128
415 120
19 427
8 432
446 28
403 409
472 316
484 275
100 191
448 164
66 141
475 297
393 479
73 193
286 262
220 366
242 487
338 261
414 346
194 213
226 449
474 198
118 458
325 70
2 274
235 420
415 62
69 308
41 142
353 179
256 73
45 498
61 383
260 327
81 306
392 307
107 367
357 225
296 179
457 31
451 372
445 20
33 338
14 386
18 270
460 63
269 373
299 29
52 232
187 445
40 294
164 249
20 341
432 316
373 241
199 324
466 496
345 499
334 359
237 352
482 197
416 251
422 67
132 475
299 319
272 191
465 436
441 485
277 373
153 2
115 204
327 433
200 24
432 35
235 169
387 217
219 155
468 493
74 452
468 374
123 92
65 89
28 6
426 306
232 432
308 199
136 487
11 416
224 247
437 463
464 156
119 285
2 193
237 470
419 361
63 485
450 443
343 228
249 427
160 410
478 297
397 462
486 261
378 210
8 168
173 324
176 144
109 178
190 199
1 109
60 416
446 362
359 290
90 109
69 103
371 48
400 120
362 238
381 241
300 241
261 325
66 437
470 27
116 160
226 117
121 138
33 68
0 392
210 443
353 279
46 224
179 298
345 42
388 78
135 188
320 396
13 386
333 483
265 449
495 492
66 469
482 451
37 335
344 99
278 197
378 176
274 410
326 119
452 214
197 439
402 369
335 267
255 20
251 373
322 98
217 240
67 199
192 456
34 36
55 164
233 286
192 7
196 370
478 0
84 28
439 338
397 126
106 5
498 209
378 320
159 447
61 79
